For Fetching the acession numbers of the strains of particular bacterium 
https://eutils.ncbi.nlm.nih.gov/entrez/eutils/esearch.fcgi?db=nucleotide&term="Acinetobacter+baumannii"[Organism]+AND+WGS[Filter]&retmax=100&retmode=json

For Fasta files of the given Acession numbers
https://eutils.ncbi.nlm.nih.gov/entrez/eutils/efetch.fcgi?db=nucleotide&id=CP046872,CP046873,CP046874,...&rettype=fasta&retmode=text

1. Acinetobacter baumannii 
https://eutils.ncbi.nlm.nih.gov/entrez/eutils/efetch.fcgi?db=nucleotide&id=1433356455, 1433356454, 1433356453, 1433356452, 1433356451, 1433356450, 1433356448, 1433356447, 1433356446, 1433356445, 1433356444, 1433356443, 1433356442, 1433356440, 1433356439, 1433356438, 1433356437, 1433356436, 1433356435, 1433356434, 1433356433, 1433356432, 1433356431, 1433356430, 1433356429, 1433356428, 1433356427,1433356426, 1433356425, 1433356424, 1433356423, 1433356422, 1433356421,1433356420, 1433356419,1433356418, 1433356417, 1433356416, 1433356415, 1433356414,1433356413,1433356412, 1433356411, 1433356410, 1433356409,1433356408,1433356407, 1433356406, 1433356405, 1433356404, 1433356403, 1433356402, 1433356401, 1433356400, 1433356399, 1433356398, 1433356397, 1433356396,1433356395, 1433356394,1433356393,1433356392, 1433356391,1433356390, 1433356389,1433356388, 143356387, 1433356386, 1433356385, 1433356384, 1433356383, 1433356382, 1433356381, 1433356380, 1433356379, 1433356378,1433356377, 1433356376, 1433356375,1433356374,1433356373,1433356372,1433323367,1433323365,1433323364,1433323362,1433323359,1433323357,1433323355,1433323354,1433323353,1433323351,1433323349,1433323348,1433323347,1433323344,1433323343,1433323342,1433323341,1433323339,1433323336,1433323335,1433323334,1433323332,1433323331,1433323330,1433323329,1433323328,1433323324,1433323323,1433323322,1433323321,1433323320,1433323319,1433323318,1433323317,1433323316,1433323315,1433323314,1433323313,1433323312,1433323311,1433323310,1433323309,1433323308,1433323307,1433323306,1433323305,1433323304,1433323303,1433323302,1433323301,1433323300,1433323299,1433323298,1433323297,1433323296,1433323295,1433323294,1433323293,1433323292,1433323291,1433323290,1433323289,1433323288,1433323287,1433323286,1433323285,1433323284,1433323283,1433323282,1433323281,1433323280,1433323279,1433323278,1433323277,1433323276,1433323275,1433323274,1433314866,1433314864,1433314863,1433314861,1433314860,1433314859,1433314858,1433314856,1433314853,1433314852,1433314850,1433314849,1433314844,1433314841,1433314840,1433314839,1433314836,1433314835,1433314834,1433314831,1433314830&rettype=fasta&retmode=text 


2.Bacillus subtilis
https://eutils.ncbi.nlm.nih.gov/entrez/eutils/efetch.fcgi?db=nucleotide&id=1853092795,1853092794,1853092793,1853092792,1853092791,1853092790,1853092789,1853092788,1853092787,1853092786,1853092785,1853092784,1853092783,1853092782,1853092781,1853092780,1853092779,1853092778,1853092777,1853092776,1853092775,1853092774,1853092773,1853092772,1853092771,1853092770,1853092769,1853092768,1853092767,1853092766,1853092765,1853092764,1853092763,1853092762,1853092761,1853092760,1853092759,1853092758,1853092757,1853092756,1853092755,1853092754,1853092753,1853092752,1853092751,1853092750,1853092749,1853092748,1853092747,1853092746,1853092745,1853092744,1853092743,1853092742,1853092741,1853092740,1853092739,1853092738,1853092737,1853092736,1853092735,1853092734,1853092733,1853092732,1853092731,1853092730,1853092729,1853092728,1853092727,1853092726,1853092725,1853092724,1853092723,1853092722,1853092721,1853092720,1853092719,1853092718,1853092717,1853092716,1853092715,1853092714,1853092713,1853092712,1853092711,1853092710,1853092709,1853092708,1853092707,1853092706,1853092705,1853092704,1853092703,1853092702,1853092701,1853092700,1853092699,1853092698,1853092697,1853092696,1853092695,1853092694,1853092693,1853092692,1853092691,1853092690,1853092689,1853092688,1853092687,1853092686,1853092685,1853092684,1853092683,1853092682,1853092681,1853092680,1853092679,1853092678,1853092677,1853092676,1853092675,1853092674,1853092673,1853092672,1853092671,1853092670,1853092669,1853092668,1853092667,1853092666,1853092665,1853092664,1853092663,1853092662,1853092661,1853092660,1853092659,1853092658,1853092657,1853092656,1853092655,1853092654,1853092653,1853092652,1853092651,1853092650,1853092649,1853092648,1853092647,1853092646,1853092645,1853092644,727787070,727787062,727787057,727787046,727787042,727787035,727787018,727787013,727787008,727787004,727786999,727786991,727786986,727786978,727786975,727786971,727786967,727786961,727786954,727786933,727786931,727786928,727786925,727786923,727786921,727786917,727786912,727786907,727786901,727786896,727786875,727786869,727786865,727786861,727786857,727786850,727786845,727786833,727786823,727786818,727786809,727786801,727786799,727786795,727786789,727786787,727786785,727786783&rettype=fasta&retmode=text 



3.Bartonella bacilliformis 
https://eutils.ncbi.nlm.nih.gov/entrez/eutils/efetch.fcgi?db=nucleotide&id=754290426,754290425,754290357,754290345,754290210,754290039,754289732,1021316725,1021316724,1021316723,1021316722,1021316721,1021316720,1021316719,1021316718,1021316717,1021316716,1021316715,1021316714,1021316454,1021316453,1021316452,1021316451,1021316450,1021316449,1021316448,1021316447,1021316446,1021316444,1021316443,1021316442,1021316441,1021316440,1021316439,757776207,757776206,757776121,757775689,754291831,754291830,754291826,754291822,754291816,754287573,754287572,754287549,754287545,754287528,754287522,754287499,754287495,754287466,754287465,754287463,754287461,754287460,754287459,754287457,754287455,754287452,754287450,754287447,754287445,754287443,754287439,754287437,754287436,754287432,754281792,754281791,754281777,754281770,754281746,754281712,754281710,754281701,754281656,754281655,754281635,754281620,754281575,737484549,737484540,737484537,737484534,737484532,737484529,737484525,737484519,737484517,737484513,737484509,737484506,737484499,737484496,737484490,737484476,737484472,737484453,737484442,737484429,737484370,737483627,737483625,737483623,737483605,737483577,737475339,737475332,737475328,737475314,737474650,737473546,737473537,737473531,737473523,737473504,737473306,421761422,421761390,421761189,421761168,421760999,421760974,421760950,421760921,421760919,421760912,421760848,421760845,421760830,421760722,421760632,421760492,421760419,421760367,421760187,421760167,421760158,1021316445,1021249600,1021249239,1021249230,1021249226,1021249223,1021249221,1021249217,1021249216,1021248961,1021248794,1021248691,1021248608,1021248531,1021248465,1021248434,1021248420,1020939976,1020939568,1020939531,1020939526,1020939272,1020939105,1020939005,1020938913,1020938831,1020938755,1020938732,1020938721,657291867,657291866,657291865,657291864,657291863,657291862,657291861,657291860,657291859,657291858,657291857,657291856,657291855,657291854,657291853,657291852,657291851,657291850,657291849,657291848,657291847,657291846,657291845,657291844,657291843,657291842,657291841,657291840,657291839,657291838,657291837,657291836&rettype=fasta&retmode=text 


4.Borreliella burgdorferi
https://eutils.ncbi.nlm.nih.gov/entrez/eutils/efetch.fcgi?db=nucleotide&id=1359003111,1359001199,1358990859,1360757278,1360746068,1360744739,1360744561,1360654549,1360649124,754979005,224533257,224533248,224533244,224533097,224533091,224533085,224533073,224533072,224533060,224533014,224532994,224532957,224532947,224532922,224532908,224532884,224532875,224532873,224532806,224532774,224532676,224532664,224532658,224532656,224532632,224532580,224532545,224532533,224532463,224532433,224532425,224532420,224532418,224532343,759441492,754990120,742500384,226322201,226322183,226322158,226322118,226322117,226322085,226321921,226321486,226321314,226321250,225549456,225549428,225549426,225549425,225549357,225549195,225549192,225548992,225548991,225548816,225548564,225548514,216264966,216264948,216264945,216264128,754989403,754979547,742500078,742499339,226321241,226321224,226321216,226321210,226321208,226321189,226321185,226321176,226321171,226321131,226321053,226321017,226321015,226320978,226320965,226320956,226320936,226320932,226320929,226320893,226320835,226320817,226320802,226320788,226320751,226320731,226320647,226320624,226320551,226320545,226320537,226320535,226320521,226320509,226320443,226320398,226320387,226320344,225550238,225550060,225549891,225549828,225549825,225549777,225549673,225549460,224534104,224534045,224533967,224533878,224533876,224533874,224533681,224533494,224533474,224533470,224533467,224533419,224533264,224533261,223889340,223889277,223889228,223889061,223889051,223888671,1333410753,1333410752,1333410751,1333410750,1333410749,1333410748,1333410747,1333410746,1333410745,1333410744,1333410743,1333410742,1333410741,2025591552,2025591532,2025591530,2025591527,2025591524,2025591522,2025591519,2025591517,2025591513,2025591511,2025591509,2025591508,2025591506,2025591505,2025591500,2025591498,2025591495,2025591493,2025591490,2025591488,2025591485,2025591481,2025591477,2025591474,2025591472,2025591470,2025591468,2025591465,2025591461,2025591457,2025591453,2025591451,2025591449,2025591447,2025591445,2025591442,2025591438,2025591435,2025591431,2025591426,2025591424,2025591421,2025591418,2025591415&rettype=fasta&retmode=text 


5.Campylobacter jejuni
https://eutils.ncbi.nlm.nih.gov/entrez/eutils/efetch.fcgi?db=nucleotide&id=2073023916,2073023860,2073023858,2073023856,2073023853,2073023851,2073023849,2073023846,2073023844,2073023842,2073023840,2073023837,2073023829,2073023826,2073023824,2073023821,2073023817,2073023815,2073023814,2073023813,2073023812,2073023811,2073023810,2073023809,2073023808,2073023807,2073023806,2073023805,2073023804,2073023803,2073023802,2073023801,2073023800,2073023799,2073023798,2073023797,2073023796,2073023795,2073023794,2073023793,2073023792,2073023791,2073023790,2073023789,2073023788,2073023787,2073023786,2073023785,2073023784,2073023783,2073023782,2073023781,2073023780,2073023779,2073023778,2073023777,2073023776,2073023775,2073023774,2073023773,2073023772,2073023771,2073023770,2073023769,2073023768,2073023767,2073023766,2073023765,2073023764,2073023763,2073023762,2073023761,2073023760,2073023759,2073023758,2073023757,2073023756,2073023755,2073023754,2073023753,2073023752,2073023751,2073023750,2073023749,2073023748,2073023747,2073023746,2073023745,2073023744,2073023743,2073023742,2073023741,2073023740,2073023739,2073023738,2073023737,2073023736,2073023735,2073023734,2073023733,2073023732,2073023731,2073023730,2073023729,2073023728,2073023727,2073023726,2073023725,2074,2073023723,2073023722,2073023721,2073023720,2073023719,2073023718,2073023717,2073023716,2073023715,2073023714,2073023713,2073023712,2073023711,2073023710,2073023709,2073023708,2073023707,2073023706,2073023705,2073023704,2073023703,2073023702,2073023701,2073023700,2073023699,2073023698,2073023697,2073023696,2073023695,2073023694,2073023693,2073023692,2073023691,2073023690,2073023689,2073023688,2073023687,2073023686,2073023685,2073023684,2073023683,2073023682,2073023681,2073023680,2073023679,2073023678,2073023677,2073023676,2073023675,2073023674,2073023673,2073023672,2073023449,2073023418,2073023417,2073023416,2073023415,2073023414,2073023413,2073023412,2073023410,2073023407,2073023405,2073023403,2073023397,2073023395,2073023394,2073023392,2073023391,2073023389,2073023387,2073023385,2073023384,2073023382,2073023380,2073023379,2073023377,2073023375,2073023374,2073023371,2073023369,2073023367,2073023361,2073023360,2073023358,2073023356,2073023354,2073023353,2073023352,2073023351,2073023350&rettype=fasta&retmode=text 


6.Chlamydia trachomatis
https://eutils.ncbi.nlm.nih.gov/entrez/eutils/efetch.fcgi?db=nucleotide&id=1695476358,1695476357,1695478512,1695478511,1695478437,1695478436,1695476423,1695476415,1695476354,1695476346,1695470322,1695470316,1695459239,1695459184,1695458824,1695458756,950172934,950172912,950172902,950140920,950140894,950140883,942535926,942535908,942535888,942535887,942535885,942535880,942535878,942535877,942535875,942535874,942535866,942535865,942533359,942533321,942533320,942533319,942533318,950211416,950211400,950211386,950211384,950211381,950211376,950211359,950202723,950202700,950202680,950174395,950174394,950174386,950174378,950174377,950174376,950174375,950174374,950129262,950129241,950129229,950129206,942535006,942535003,942534999,942534995,942534993,942534992,942534991,942533211,942533204,942533200,942533197,929549929,929549928,929549927,929549926,929549925,929549924,929549923,929549922,929549921,929549920,929549919,929549918,929549917,929549916,929549915,942535918,942535917,942535906,942535903,942535896,942535869,942533322,918638077,1665218421,1665218403,1665218397,1665218395,1665218394,1665218392,1665218390,1665218389,1665218387,1665218380,918638192,918638087,918638067,918638051,918638042,918638031,918638028,918638016,918637998,918637992,918637986,918637982,918637978,918637972,918637966,918637960,918637951,918637948,918637938,918637921,918637858,942535924,942535923,942535922,942535921,942535919,942535916,942535914,942535912,942535910,942535909,942535907,942535905,942535902,942535901,942535899,942535898,942535897,942535894,942535893,942535892,942535891,942535890,942535889,942535886,942535884,942535883,942535882,942535881,942535879,942535876,942535873,942535872,942535871,942535870,942535868,942535867,950172925,950172923,950172921,950172919,950172918,950172916,950172914,950172911,950140912,950140910,950140908,950140906,950140904,950140902,950140900,950140898,950140896,950140892,942533358,942533357,942533356,942533355,942533354,942533353,942533352,942533351,942533350,942533349,942533348,942533347,942533346,942533345,942533344,942533343,942533342,942533341,942533340,942533339&rettype=fasta&retmode=text 

7.Clostridioides difficile
https://eutils.ncbi.nlm.nih.gov/entrez/eutils/efetch.fcgi?db=nucleotide&id=1242430156,1339788440,1339788439,1339788437,1339788436,1339788435,1339788434,1242438822,2075159864,2075159863,2075159862,2075159861,2075159860,2075159859,2075159858,2075159857,2075159856,2075159855,2075159854,2075159853,2075159852,2075159851,2075159850,2075159849,2075159848,2075159847,2075159846,2075159845,2075159844,2075159843,2075159842,2075159841,2075159840,2075159839,2075159838,2075159837,2075159836,2075159835,2075159834,2075159833,2075159832,2075159831,2075159830,2075159829,2075159828,2075159827,2075159826,2075159825,2075159824,2075159823,2075159822,2075159821,2075159820,2075159819,2075159818,2075159817,2075159816,2075159815,2075159814,2075159813,2075159812,2075159811,2075159810,2075159809,2075159808,2075159807,2075159806,2075159805,2075159804,2075159803,2075159802,2075159801,2075159800,2075159799,2075159798,2075159797,2075159796,2075159795,2075159794,2075159793,2075159792,2075159791,2075159790,2075159789,2075159788,2075159787,2075159786,2075159785,2075159784,2075159783,2075159782,2075159781,2075159780,2075159779,2075159778,2075159777,2075159776,2075159775,2075159774,2075159773,2075159772,2075159771,2075159770,2075159769,2075159768,2075159767,2075159766,2075159765,2075159764,2075159763,2075159762,2075159761,2075159760,2075159759,2075159758,2075159757,2075159756,2075159755,2075159754,2075159753,2075159752,2075159751,2075159750,2075159749,2075159748,2075159747,2075159746,2075159745,2075159744,2075159743,2075159742,2075159741,2075159740,2075159739,2075159738,2075159737,2075159736,2075159735,2075159734,2075159733,2075159732,2075159731,2075159730,2075159729,2075159728,2075159727,2075159726,2075159725,2075159724,2075159723,2075159722,2075159721,2075159720,2075159719,2075159718,2075159717,2075159716,2075159715,2075159714,2075159713,2075159712,2075159711,2075159710,2075159709,2075159708,2075159707,2075159706,2075159705,2075159704,2075159703,2075159702,2075159701,2075159700,2075159699,2075159698,2075159697,2075159696,2075159695,2075159694,2075159693,2075159692,2075159691,2075159690,2075159689,2075159688,2075159687,2075159686,2075159685,2075159684,2075159683,2075159682,2075159681,2075159680,2075159679,2075159678,2075159677,2075159676,2075159675,2075159674,2075159673&rettype=fasta&retmode=text 


8.Cutibacterium acnes
https://eutils.ncbi.nlm.nih.gov/entrez/eutils/efetch.fcgi?db=nucleotide&id=1575561155,1575561154,1575561153,1575561152,1575561151,1575561150,1575561149,1575561148,1575561147,1575561146,1575561145,1575561143,2055507559,2055507507,2055507495,2055507485,2055507482,2055507478,2055507468,2055507465,2055507452,2055507429,2055507425,2055507414,2055507399,2055507397,2055507391,2055507382,2055507364,2055507362,2055507356,2055507352,2055507338,2055507325,2055507320,289426542,289426323,289426322,289426107,289425943,289425940,289425878,289425876,289425774,289425713,289425711,289425709,289425707,289425693,289425689,289425686,289425684,289425604,289425601,289425600,289425583,289425028,289424863,289424855,289424772,289424120,1760710060,1760710004,1760709979,1760709973,1760709961,1760709958,1760709955,1760709952,1760709948,1760709944,1760709939,1760709932,1760709928,760709920,1760709912,1760709905,1760709891,1760709876,1760709862,1760709836,1760709807,695303934,695303933,695303932,695303930,695303928,695303927,695303925,695303922,695303921,695303887,695303876,695303868,695303862,695303850,695303848,695303846,695303844,695303843,695303841,695303837,695303828,695303825,695303824,695303822,695303820,695303812,695303811,695303808,695303806,695303803,695303796,695303793,695303792,695303781,695303777,695303768,695303758,695303755,695303750,695303747,695303737,695303732,695303710,695303700,695303698,695303697,695303696,695303695,695303694,695303693,695303692,695303691,695303690,695303689,695303688,695303687,1680754880,1035750587,666096548,302035119,289153654,282581575,1782981468,1679187310,1668587987,1667899321,1036095061,763191553,417929889,289426620,1690660037,1690660030,1690660028,1690660024,1690660020,1690659995,1667899320,1667899319,1667899318,1667899317,1667899316,1667899315,1667899314,1667899313,1667899312,1667899311,1667899310,1667899309,1667899308,422577165,422576432,422575521,422575503,422575500,422575260,422575259,422575248,422574912,422574910,422574909,422574907,422574684,422574682,422574679,422574678,422574677,881018672,881018657,881018641,881018629,881018611,881018603,881018598,881018571,881018542,881018523,639173960,639173959&rettype=fasta&retmode=text 

9.Enterococcus faecalis
https://eutils.ncbi.nlm.nih.gov/entrez/eutils/efetch.fcgi?db=nucleotide&id=1878856210,1878856208,1878856207,1878856206,1878856205,1878856204,1878856203,1878856202,1878856201,1878856200,1878856199,1878856198,1878856197,1878856196,1878856195,1878856194,1878856193,1878856192,1878856191,1878856190,1878856189,1878856188,1878856187,1878856186,1878856185,1878856184,1878856183,1878856170,1878856146,1878856114,1878855973,1878855972,1878855971,1878855970,1878855969,1878855968,1878855967,1878855966,1878855965,1878855964,1878855963,1878855962,1878855960,1878855959,1878855958,1878855957,1878855956,1878855954,1878855953,1878855952,1878855951,1878855950,1878855949,1878855649,1878855648,1878855647,1878855646,1878855645,1878855644,1878855643,1878855642,1878855641,1878855640,1878855639,1878855638,1878855637,1878855636,1878855635,1878855634,1878855633,1878855632,1878855631,1878855630,1878855629,1878855628,187885562,1878855626,1878855625,1878362860,1878362859,1878362858,1878362857,1878362856,1878362855,1878362854,1878362853,1878362852,1878362851,1878362850,1878362849,1878362848,1878362847,1878362846,1878362845,1878362844,187836284,1878362842,1878362841,1878362835,1878362816,1878354929,1878354927,1878354926,1878354924,1878354922,1878354921,1878354920,1878354919,1878354918,1878354917,1878354916,1878354915,1878354914,1878354913,1878354912,1878354911,1878354910,1878354909,1878354908,1878354907,1878354906,1878354905,1878354904,1878354903,1878354902,1878354901,1878354900,1878354899,1878354898,1878354897,1878354896,1878354895,1878354894,1878354893,1878354892,1878354842,1878354841,1878354840,1878354838,1878354837,1878354836,1878354835,1878354834,1878354833,1878354832,1878354830,1878354829,1878354828,1878354826,1878354825,1878354823,1878354821,1878354820,1878354818,1878354816,1878354814,1878354812,1878354285,1878354271,1878354268,1878354265,1878354263,1878354260,1878354257,1878354253,1878354250,1878354245,1878354240,1878354235,1878354230,1878354226,1878354219,1878354213,1878354207,1878354201,1878354192,1878354180,1878354164,1878354144,1878354122,1878354097,1878354077,1878354055,1878354020,1878353966,1520329544,1520329532,1520329529,1520329524,1520329519,1520329512,1520329498,1520329488,1520329475,1520329457,1520329432,1520329403,1520329368,1520326805,1520326804&rettype=fasta&retmode=text 


10.Escherichia coli
https://eutils.ncbi.nlm.nih.gov/entrez/eutils/efetch.fcgi?db=nucleotide&id=1741143868,1741143867,1741143866,1741143865,1741143864,1741143863,1741143862,1741143861,1741143859,1741143858,1741143857,1741143856,1741143855,1741143854,1741143853,1741143852,1741143851,1741143850,1741143849,1741143848,1741143847,1741143846,1741143845,1741143844,1741143843,1741143842,1741143841,1741143840,1741143839,1741143838,1741143837,1741143836,1741143835,1741143834,1741143833,1741143832,1741143831,1741143830,1741143829,1741143828,1741143827,1741143826,1741143825,1741143824,1741143823,1741143822,1741143821,1741143820,1741143819,1741143818,1741143817,1741143816,1741143815,1741143814,1741143813,1741143812,1741143811,1741143810,1741143809,1741143808,1741143807,1741143806,1741143805,1741143804,1741143803,1741143802,1741143801,1741143800,1741143799,1741143798,1741143797,1741143796,1741143795,1741143794,1741143793,1741143792,1741143791,1741143790,1741143789,1741143788,1741143787,1741143786,1741143785,1741143784,1741143783,1741143782,1741143781,1741143780,1741143779,1741143778,1741143777,1741143776,1741143775,1741143774,1741143773,1741143772,1741143771,1741143770,1741143769,1741143768,1741143767,1741143766,1741143765,1741143764,1741143763,1741143762,1741143761,1741143760,1741143759,1741143758,1741143757,1741143756,1741143755,1741143754,1741143753,1741143752,1741143751,1741143750,1741143749,1741143748,1741143747,1741143746,1741143745,1741143744,1741143743,1741143742,1741143741,1741143740,1741143739,1741143738,1741143737,1741143736,1741143735,1741143734,1741143733,1741143732,1741143731,1741143730,1741143729,1741143728,1741143727,1741143726,1741143725,1741143724,1741143723,1741143722,1741143721,1741143720,1741143719,1741143718,1741143717,1741143716,1741143715,1741143714,1741143713,1741143712,1741143711,1741143710,1741143709,1741143708,1741143707,1741143706,1741143705,1741143704,1741143703,1741143702,1741143701,1741143700,1741143699,1741143698,1741143697,1741143696,1741143695,1741143694,1741143693,1741143692,1741143691,1741143690,1741143689,1741143688,1741143687,1741143686,1741143685,1741143684,1741143683,1741143682,1741143681,1741143680,1741143679,1741143678,1741143677,1741143676,1741143675,1741143674,1741143673,1741143672,1741143671,1741143670,1741143669,1741143668&rettype=fasta&retmode=text 



11.Haemophilus influenzae
https://eutils.ncbi.nlm.nih.gov/entrez/eutils/efetch.fcgi?db=nucleotide&id=1360360675,1360360674,1360360673,1360360672,1360360670,1360360668,1360360667,1360360666,1360360665,1360360664,1360360663,1360360662,1360360661,1360360660,1360360659,1360360658,1360360657,1360360656,1360360655,1360360654,1360360653,1360360652,1360360651,1360360649,1360360648,1360360646,1360360645,1360360644,1360360643,1360360642,1360360641,1360360640,1360360639,1360360638,1360360637,1360360636,1360360635,1360360634,1360360633,1360360632,1360360631,1360360630,1360360629,1360360628,1360360627,1360360626,1360360625,1360360624,1360360623,1360360622,1360360621,1360360620,1360360619,1360360618,1360360617,1360360616,1360360615,1360360614,1360360613,1360360612,1360360611,1360360610,1360360609,1360360608,1360360607,1360360606,1360360605,1360360603,1360339241,1360339240,1360339239,1360339237,1360339236,1360339235,1360339234,1360339233,1360339232,1360339231,1360339230,1360339229,1360339228,1360339227,1360339226,1360339225,1360339224,1360339222,1360339221,1360339220,1360339219,1360339218,1360339217,1360339216,1360339215,1360339213,1360339212,1360339211,1360339210,1360339209,1360339207,1360339206,1360339205,1360339204,1360339202,1360339201,1360339200,1360339199,1360339198,1360339197,1360339196,1360339195,1360339194,1360339193,1360339192,1360339191,1360339190,1360339189,1360339188,1360339187,1360339185,1360339184,1360339183,1360339182,1360339181,1360339180,1360339179,1360339178,1360339177,1360339176,1360339175,1360339174,1360339173,1360339172,1360339171,1360339170,1360339169,1360339168,1360339167,1360339166,1360339165,1360339164,1360339163,1360339162,1360339160,1360339159,1360339158,1360339156,1360339155,1360339154,1360339153,1360339152,1360339151,1360339150,1360339149,1360339148,1360339147,1360339146,1360339145,1360339144,1360339143,1360339142,1360339141,1360339140,1360339139,1360339138,1360339137,1360339136,1360339135,1360339134,1360339133,1360339132,1360339131,1360339130,1360339129,1360339128,1360339127,1360339126,1360339124,1360339121,1360339120,1360339119,1360339118,1360339116,1360318367,1360318366,1360318365,1360318364,1360318363,1360318362,1360318361,1360318360,1360318359,1360318358,1360318357,1360318356,1360318355,1360318354,1360318353,1360318352,1360318351,1360318350&rettype=fasta&retmode=text 




12.Helicobacter pylori
https://eutils.ncbi.nlm.nih.gov/entrez/eutils/efetch.fcgi?db=nucleotide&id=1520615663,1520615651,1520615648,1520615645,1520615640,1520615637,1520615634,1520615629,1520615626,1520615624,1520615619,1520615616,1520615613,1520615608,1520615603,1520615598,1520615595,1520615590,1520615587,1520615582,1520615579,1520615574,152061556,1520615560,1520615553,1520615544,1520615539,1520615532,1520615525,1520615513,1520615506,1520615495,1520615484,1520615473,1520615464,1520615455,1520615444,1520615435,1520615434,1520615431,1520615413,1520615390,1520615365,1520615340,1520551244,1520551229,1520551224,1520551221,1520551218,1520551215,1520551210,1520551207,1520551202,1520551195,1520551188,1520551181,1520551174,1520551169,1520551164,1520551159,1520551154,1520551147,1520551138,1520551135,1520551134,1520551133,1520551132,1520551131,1520551128,1520551120,1520551112,1520551099,1520551086,1520551074,1520551065,1520551050,1520551033,1520551024,1520551013,1520550996,1520550985,1520550984,1520488432,1520488431,1520488430,1520488429,1520488428,1520488427,1520488426,1520488425,1520488424,1520488423,1520488422,1520488421,1520488420,1520488419,1520488418,1520488417,1520488416,1520488415,1520488414,1520488413,1520488412,1520488411,1520488410,1520488409,657258966,657258963,657258962,657258961,657258960,657258958,657258955,657258954,657258953,657258951,657258950,657258948,657258946,657258943,657258940,657258936,657258934,657258932,657258930,657258929,657258928,657258927,657258923,657258922,657258921,657258920,657258919,657258916,657258914,657258912,657258910,657258906,657258904,657258901,657258900,657258898,657258896,657258894,657258893,657258890,657258888,657258887,657258884,657258882,657258880,657258879,657258878,657258876,657258875,657258872,657258870,657258869,657258868,657258867,657258864,657258863,657258862,657258861,657258860,657258859,657258858,657258855,657258853,657258852,657258850,657258849,657258847,657258844,657258842,657258840,657258839,657258836,657258833,657258831,657258828,657258827,657258825,657258823,657258820,657258819,657258817,657258815,657258812,657258810,657258809,657258808,657258804,657258803,657258801,657258798,657258795,657258793,657258791,657258790&rettype=fasta&retmode=text 



13.Burkholderia dolosa
https://eutils.ncbi.nlm.nih.gov/entrez/eutils/efetch.fcgi?db=nucleotide&id=2087675349,2029895460,1859049429,1859049428,1859049427,1859049425,1859049424,1859049423,1859049422,1859049421,1859049420,1859049419,1859049418,1859049417,1859049416,1859049415,1859049414,1859049413,1859049412,1859049411,1859049410,1859049409,1859049408,1859049407,1859049406,1859049405,1859049404,1859049403,1859049402,1859049401,1859049400,1859049399,1859049398,1859049397,1859049396,1859049395,1859049394,1859049393,1859049392,1859049391,1859049390,1859049389,1859049388,1859049387,1859049386,1859049385,1859049384,1859049383,1859049382,1859049381,1859049380,1859049379,1859049378,1859049377,1859049376,1859049375,1859049374,1859049373,1859049372,1859049371,1859049370,1859049369,1859049368,1859049367,1859049366,1859049365,1859049364,1859049363,1859049362,1859049361,1859049360,1859049359,1859049358,1859049357,1859049356,1859049355,1859049354,1859049353,1859049352,1859049351,1859049350,1859049349,1859049348,1859049347,1859049346,1859049345,1859049344,1859049343,1859049342,1859049341,1859049340,1859049339,1859049338,1859049337,1859049336,1859049335,1859049334,1859049333,1859049332,1859049331,1859049330,1859049329,1859049328,1859049327,1859049326,1859049325,1859049324,1859049323,1859049322,1859049321,1859049320,1859049319,1859049317,1859049316,1859049315,1859049314,1859049313,1859049312,1859049311,1859049307,1859049299,1859049292,1859049285,1859049279,1859049273,1859049265,1859049264,1859049263,1859049262,1859049261,1859049260,1859049259,1859049258,1859049257,1859049256,1859049255,1859049254,1859049253,1859049252,1859049251,1859049250,1859049249,1859049248,1859049247,1859049246,1859049245,1859049244,1859049243,1859049242,1859049241,1859049240,1859049239,1859049238,1859049237,1859049236,1859049235,1859049234,1859049233,1859049232,1859049231,1859049230,1859049229,1859049228,1859049227,1859049226,1859049225,1859049224,2036334993,2036334959,2036334957,2036334954,2036334951,2036334948,2036334944,2036334940,2036334935,2036334930,2036334926,2036334923,2036334918,2036334917,2036334916,2036334914,2036334911,2036334904,2036334900,036334885,2036334874,2036334870,2036334856,2036334845,2036334841,2036334831,2036334814,2036334789,2036334765,2036334746,2036334738,2036334728,2036334718&rettype=fasta&retmode=text 



14.Brachyspira hyodysenteriae
https://eutils.ncbi.nlm.nih.gov/entrez/eutils/efetch.fcgi?db=nucleotide&id=1189710332,1189710331,1189710330,1189710329,1189710328,1189710327,1189710326,1189710325,1189710324,1189710323,1189710322,1189710321,1189710320,1189710319,1189710318,1189710317,1189710316,1189710315,1189710314,1189710313,1189710312,1189710311,1189710310,1189710309,1189710308,1189710307,1189710306,1189710305,1189710304,1189710303,1189710302,1189710301,1189710300,1189710299,1189710298,1189710297,1189710296,1189710295,1189710294,1189710293,1189710292,1189710291,1189710290,1189710289,1189710288,1189710287,1189710286,1189710285,1189710284,1189710283,1189710282,1189710281,1189710280,1189710279,1189710278,1189710277,1189710276,1189710275,1189710274,1189710273,1189710272,1189710271,1189710270,1189710269,1189710268,1189710267,1189710266,1189710265,1189710264,1189710263,1189710262,1189710261,1189710260,1189710259,1189710258,1189710257,1189710256,1189710255,1189710254,1189710253,1189710252,1189710251,1189710250,1189710249,1189710248,1189710247,1189710246,1189710245,1189710244,1189710243,1189710242,1189710241,1189710240,1189710239,1189710238,1189710237,1189710236,1189710235,1189710234,1189710233,1189710232,1189710231,1189710230,1189710229,1189710228,1189710227,1189710226,1189710225,1189710224,1189710223,1189710222,1189710221,1189710220,1189710219,1189710218,1189710217,1189710216,1189710215,1189710214,1189710213,1189710212,1189710211,1189710210,1189710209,1189710208,1189710207,1189710206,1189710205,1189710204,1189710203,1189710202,1189710201,1189710200,1189710199,1189710198,1189710197,1189710196,1189710195,1189710194,1189710193,1189710192,1189710191,1189710190,1189710189,1189710188,1189710187,1189710186,1189710185,1189710184,1189710183,1189710182,1189710181,1189710180,1189710179,1189710178,1189710177,1189710176,1189710175,1189710174,1189710173,1189710172,1189710171,1189710170,1189710169,1189710168,1189710167,1189710166,1189710165,1189710164,1189710163,1189710162,1189710161,1189710160,1189710159,1189710158,1189710157,1189710156,1189710155,1189710154,1189710153,1189710152,1189710151,1189710150,1189710149,1189710148,1189710147,1189710146,1189710145,1189710144,1189710143,1189710142,1189710141,1189710140,189710139,1189710138,1189710137,1189710136,1189710135,1189710134,1189710133&rettype=fasta&retmode=text 



15.Campylobacter jejuni
https://eutils.ncbi.nlm.nih.gov/entrez/eutils/efetch.fcgi?db=nucleotide&id=2073023916,2073023860,2073023858,2073023856,2073023853,2073023851,2073023849,2073023846,2073023844,2073023842,2073023840,2073023837,2073023829,2073023826,2073023824,2073023821,2073023817,2073023815,2073023814,2073023813,2073023812,2073023811,2073023810,2073023809,2073023808,2073023807,2073023806,2073023805,2073023804,2073023803,2073023802,2073023801,2073023800,2073023799,2073023798,2073023797,2073023796,2073023795,2073023794,2073023793,2073023792,2073023791,2073023790,2073023789,2073023788,2073023787,2073023786,2073023785,2073023784,2073023783,2073023782,2073023781,2073023780,2073023779,2073023778,2073023777,2073023776,2073023775,2073023774,2073023773,2073023772,2073023771,2073023770,2073023769,2073023768,2073023767,2073023766,2073023765,2073023764,2073023763,2073023762,2073023761,2073023760,2073023759,2073023758,2073023757,2073023756,2073023755,2073023754,2073023753,2073023752,2073023751,2073023750,2073023749,2073023748,2073023747,2073023746,2073023745,2073023744,2073023743,2073023742,2073023741,2073023740,2073023739,2073023738,2073023737,2073023736,2073023735,2073023734,2073023733,2073023732,2073023731,2073023730,2073023729,2073023728,2073023727,2073023726,2073023725,2073023724,2073023723,2073023722,2073023721,2073023720,2073023719,2073023718,2073023717,2073023716,2073023715,2073023714,2073023713,2073023712,2073023711,2073023710,2073023709,2073023708,2073023707,2073023706,2073023705,2073023704,2073023703,2073023702,2073023701,2073023700,2073023699,2073023698,2073023697,2073023696,2073023695,2073023694,2073023693,2073023692,2073023691,2073023690,2073023689,2073023688,2073023687,2073023686,2073023685,2073023684,2073023683,2073023682,2073023681,2073023680,2073023679,2073023678,2073023677,2073023676,2073023675,2073023674,2073023673,2073023672,2073023449,2073023418,2073023417,2073023416,2073023415,2073023414,2073023413,2073023412,2073023410,2073023407,2073023405,2073023403,2073023397,2073023395,2073023394,2073023392,2073023391,2073023389,2073023387,2073023385,2073023384,2073023382,2073023380,2073023379,2073023377,2073023375,2073023374,2073023371,2073023369,2073023367,2073023361,2073023360,2073023358,2073023356,2073023354,2073023353,2073023352,2073023351,2073023350&rettype=fasta&retmode=text  